48 2 0 1 1 0 0 0 11 4 0 0 5 3 1 4
7 36 0 0 0 2 0 0 12 10 4 0 3 5 0 1
0 0 67 0 0 0 0 1 0 0 0 10 0 0 1 2
2 0 1 60 2 0 0 0 0 0 3 0 1 1 4 6
0 1 0 1 58 0 0 0 0 1 16 0 0 0 0 3
0 3 0 0 0 26 11 0 6 9 0 0 9 13 0 3
1 2 0 0 0 10 46 0 2 3 0 0 4 2 5 5
0 0 0 0 0 0 1 64 0 0 0 3 0 0 12 0
11 18 0 0 0 9 2 0 22 10 1 0 3 4 0 0
3 13 0 0 1 11 1 0 14 20 2 0 5 7 0 3
0 3 0 3 9 0 0 0 1 1 54 0 0 8 1 0
0 0 10 1 0 0 0 1 0 0 0 67 0 0 0 1
3 3 0 0 0 11 7 0 4 5 0 0 32 8 4 3
2 6 0 1 0 14 3 0 7 7 6 0 4 26 2 2
2 0 0 3 0 0 3 7 0 0 0 0 4 1 43 17
5 1 4 9 1 3 3 0 0 3 1 3 2 2 11 36
